Comparison of Integration Execution Times

n_jobs    Threads Time (s)         Processes Time (s)       
------------------------------------------------------------
1         0.8514716625213623       0.9746420383453369       
2         0.9766249656677246       0.5260889530181885       
3         0.9409337043762207       0.3800640106201172       
4         0.9363491535186768       0.31594395637512207      
5         0.9295001029968262       0.2904529571533203       
6         0.9561340808868408       0.26824188232421875      
7         0.9843831062316895       0.25656867027282715      
8         0.9573428630828857       0.2267749309539795       
9         1.0457799434661865       0.2264082431793213       
10        0.9728178977966309       0.21622204780578613      
11        1.0017690658569336       0.2984499931335449       
12        0.9982919692993164       0.2790980339050293       
13        0.9881711006164551       0.3265528678894043       
14        0.9959259033203125       0.28476595878601074      
15        0.9882886409759521       0.37151408195495605      
16        0.9241640567779541       0.41574788093566895      
17        0.979363203048706        0.29150891304016113      
18        1.025374174118042        0.33429408073425293      
19        0.9738309383392334       0.3592491149902344       
20        1.031144142150879        0.41283297538757324      
21        1.0292689800262451       0.39239025115966797      
22        0.9457948207855225       0.3718419075012207       
23        1.0159201622009277       0.39478302001953125      
24        0.9839560985565186       0.3749380111694336       
